0 0.25703125 0.43125 0.2546875 0.25625
0 0.08515625 0.603125 0.0890625 0.021875
0 0.140625 0.46640625 0.046875 0.0609375
0 0.1453125 0.40546875 0.0375 0.053125
0 0.14375 0.5484375 0.0328125 0.034375
0 0.14609375 0.515625 0.0359375 0.0296875
0 0.3875 0.52890625 0.040625 0.0578125
0 0.3890625 0.409375 0.0359375 0.059375
0 0.3921875 0.4671875 0.0390625 0.0609375
0 0.45234375 0.63203125 0.05625 0.0296875
0 0.47890625 0.44296875 0.03125 0.0734375
0 0.4796875 0.36953125 0.025 0.065625
0 0.5140625 0.64375 0.0515625 0.0296875
0 0.5203125 0.36328125 0.0390625 0.0625
0 0.55703125 0.4359375 0.109375 0.090625
0 0.5921875 0.60859375 0.0890625 0.021875
0 0.56875 0.3546875 0.0359375 0.0671875
0 0.64375 0.34921875 0.096875 0.078125
0 0.63046875 0.428125 0.0359375 0.096875
0 0.653125 0.61171875 0.0296875 0.028125
0 0.675 0.43359375 0.0421875 0.096875
0 0.68671875 0.6171875 0.03125 0.01875
