0 0.13828125 0.4875 0.2765625 0.0625
0 0.0734375 0.2609375 0.1421875 0.1515625
0 0.2046875 0.403125 0.403125 0.096875
0 0.3234375 0.18984375 0.640625 0.321875
0 0.26953125 0.3015625 0.265625 0.159375
0 0.44609375 0.4796875 0.328125 0.0625
0 0.534375 0.42265625 0.2453125 0.0625
0 0.528125 0.3625 0.23125 0.1296875
0 0.55625 0.153125 0.2078125 0.1890625
0 0.684375 0.46953125 0.0703125 0.0625
0 0.665625 0.33671875 0.0296875 0.1359375
0 0.68828125 0.371875 0.0625 0.1109375
0 0.759375 0.35546875 0.0796875 0.078125
0 0.7640625 0.440625 0.0890625 0.11875
0 0.86640625 0.4796875 0.0703125 0.0328125
