0 0.20625 0.7578125 0.0140625 0.096875
0 0.209375 0.65234375 0.0203125 0.0546875
0 0.21796875 0.53046875 0.0328125 0.06875
0 0.2125 0.59765625 0.015625 0.05625
0 0.228125 0.35859375 0.0140625 0.053125
0 0.2796875 0.6375 0.0484375 0.09375
0 0.33125 0.5703125 0.0328125 0.0546875
0 0.42265625 0.60234375 0.01875 0.09375
0 0.54140625 0.46015625 0.08125 0.178125
0 0.5484375 0.7265625 0.04375 0.0421875
0 0.58984375 0.48671875 0.025 0.1453125
0 0.6734375 0.284375 0.0921875 0.175
0 0.6984375 0.77109375 0.1171875 0.053125
0 0.70234375 0.675 0.1109375 0.1453125
0 0.8234375 0.4359375 0.1375 0.1203125
0 0.83203125 0.5515625 0.0828125 0.109375
0 0.86640625 0.66484375 0.021875 0.0859375
0 0.9359375 0.0609375 0.1265625 0.121875
