0 0.046875 0.45390625 0.09375 0.1078125
0 0.046875 0.5796875 0.09375 0.2171875
0 0.0484375 0.3265625 0.096875 0.246875
0 0.128125 0.61171875 0.0671875 0.28125
0 0.12421875 0.715625 0.0484375 0.134375
0 0.15390625 0.87578125 0.028125 0.0828125
0 0.18828125 0.871875 0.0359375 0.084375
0 0.271875 0.32109375 0.1046875 0.26875
0 0.2625 0.54375 0.0328125 0.28125
0 0.26015625 0.7328125 0.0265625 0.0609375
0 0.3125 0.746875 0.0484375 0.0890625
0 0.3390625 0.64453125 0.040625 0.065625
0 0.3765625 0.5734375 0.075 0.0875
0 0.465625 0.753125 0.0328125 0.046875
0 0.47265625 0.5171875 0.021875 0.1328125
0 0.5078125 0.6546875 0.046875 0.1015625
0 0.50390625 0.55078125 0.0328125 0.0609375
0 0.509375 0.73515625 0.04375 0.059375
0 0.52109375 0.4390625 0.0359375 0.1546875
0 0.5734375 0.40390625 0.090625 0.1859375
0 0.575 0.2140625 0.0875 0.1734375
0 0.5765625 0.59765625 0.0859375 0.215625
0 0.55234375 0.7328125 0.0328125 0.084375
0 0.57890625 0.0515625 0.0734375 0.103125
0 0.63984375 0.5390625 0.0421875 0.06875
0 0.640625 0.4421875 0.04375 0.1625
0 0.64375 0.68046875 0.028125 0.0734375
0 0.67109375 0.72578125 0.0296875 0.1015625
0 0.7234375 0.20390625 0.09375 0.3203125
0 0.7484375 0.41328125 0.0484375 0.1265625
0 0.76015625 0.5234375 0.0390625 0.0421875
0 0.815625 0.41953125 0.0453125 0.103125
0 0.88203125 0.07578125 0.08125 0.05625
0 0.9421875 0.5046875 0.1109375 0.3046875
