0 0.03046875 0.675 0.0609375 0.0890625
0 0.1078125 0.62265625 0.09375 0.1671875
0 0.10546875 0.496875 0.06875 0.11875
0 0.18515625 0.690625 0.1 0.0828125
0 0.35703125 0.47734375 0.0546875 0.059375
0 0.3578125 0.546875 0.0375 0.0625
0 0.3640625 0.41484375 0.0484375 0.0578125
0 0.3890625 0.68828125 0.0625 0.1234375
0 0.46171875 0.6734375 0.084375 0.140625
0 0.65703125 0.2796875 0.153125 0.16875
0 0.80078125 0.53828125 0.2015625 0.0484375
0 0.80703125 0.4015625 0.1859375 0.109375
0 0.77421875 0.6109375 0.0640625 0.090625
0 0.94140625 0.709375 0.046875 0.0671875
