0 0.028125 0.4171875 0.05625 0.2859375
0 0.0546875 0.7171875 0.109375 0.109375
0 0.05546875 0.63125 0.1109375 0.078125
0 0.06328125 0.52578125 0.071875 0.1453125
0 0.13125 0.60078125 0.071875 0.0875
0 0.13671875 0.56484375 0.0703125 0.0671875
0 0.15625 0.4375 0.0796875 0.2578125
0 0.16953125 0.7171875 0.046875 0.1390625
0 0.18125 0.62265625 0.0453125 0.0984375
0 0.2328125 0.54765625 0.08125 0.134375
0 0.27890625 0.725 0.065625 0.06875
0 0.478125 0.74609375 0.059375 0.1125
0 0.4828125 0.62734375 0.065625 0.1203125
0 0.4796875 0.4515625 0.0578125 0.0828125
0 0.48515625 0.36640625 0.0625 0.0765625
0 0.48515625 0.225 0.04375 0.05625
0 0.65 0.4375 0.075 0.084375
0 0.6578125 0.63046875 0.078125 0.0984375
0 0.66484375 0.74296875 0.090625 0.1421875
0 0.659375 0.5375 0.046875 0.0984375
0 0.7203125 0.50625 0.0796875 0.45
0 0.88046875 0.2671875 0.2359375 0.534375
0 0.90703125 0.646875 0.1078125 0.25
