0 0.0328125 0.190625 0.065625 0.38125
0 0.1234375 0.540625 0.184375 0.21875
0 0.1546875 0.20078125 0.234375 0.4015625
0 0.30625 0.6171875 0.1234375 0.1171875
0 0.371875 0.109375 0.0390625 0.21875
0 0.38984375 0.3296875 0.04375 0.2203125
0 0.43359375 0.56875 0.03125 0.1890625
0 0.43984375 0.17109375 0.0296875 0.3421875
0 0.47890625 0.55625 0.03125 0.059375
0 0.6453125 0.3265625 0.0703125 0.134375
0 0.6390625 0.18828125 0.0578125 0.1359375
0 0.6484375 0.5109375 0.075 0.2046875
0 0.690625 0.453125 0.03125 0.14375
0 0.69609375 0.58046875 0.034375 0.090625
0 0.803125 0.33671875 0.0515625 0.06875
0 0.846875 0.49453125 0.06875 0.10625
0 0.8484375 0.5921875 0.046875 0.1171875
0 0.86953125 0.31875 0.0734375 0.1046875
0 0.89765625 0.46796875 0.0546875 0.0734375
0 0.90546875 0.56328125 0.0484375 0.1625
