0 0.16796875 0.50234375 0.303125 0.0546875
0 0.18828125 0.28828125 0.34375 0.0859375
0 0.225 0.16796875 0.3734375 0.1953125
0 0.16953125 0.40546875 0.2171875 0.128125
0 0.15859375 0.7015625 0.1578125 0.028125
0 0.16015625 0.6171875 0.1546875 0.109375
0 0.46875 0.634375 0.0328125 0.1109375
0 0.478125 0.4125 0.03125 0.3015625
0 0.4953125 0.6546875 0.0375 0.0828125
0 0.515625 0.71796875 0.0234375 0.078125
0 0.62578125 0.57421875 0.0953125 0.21875
0 0.71484375 0.54375 0.028125 0.2890625
0 0.75 0.6390625 0.0546875 0.1734375
0 0.7703125 0.275 0.0625 0.55
0 0.88828125 0.65625 0.215625 0.1140625
0 0.91484375 0.2578125 0.1671875 0.203125
0 0.91953125 0.39609375 0.1578125 0.128125
0 0.91953125 0.496875 0.1578125 0.13125
0 0.9203125 0.065625 0.153125 0.13125
