0 0.11796875 0.1375 0.109375 0.1359375
0 0.1296875 0.24453125 0.1 0.06875
0 0.1515625 0.3796875 0.1265625 0.1859375
0 0.18203125 0.15546875 0.0796875 0.3109375
0 0.24921875 0.4609375 0.078125 0.103125
0 0.290625 0.30625 0.0375 0.259375
0 0.2984375 0.47421875 0.0234375 0.06875
0 0.31953125 0.48515625 0.0203125 0.053125
0 0.346875 0.49921875 0.028125 0.0546875
0 0.3625 0.29609375 0.0296875 0.171875
0 0.38203125 0.35390625 0.028125 0.1171875
0 0.53046875 0.31015625 0.021875 0.140625
0 0.6234375 0.26640625 0.1421875 0.371875
0 0.79296875 0.4171875 0.028125 0.1140625
0 0.89140625 0.4640625 0.0203125 0.0828125
0 0.88984375 0.3875 0.015625 0.059375
0 0.91484375 0.3390625 0.0171875 0.08125
0 0.9171875 0.44296875 0.0171875 0.1109375
0 0.959375 0.4125 0.025 0.125
