0 0.1109375 0.6390625 0.025 0.1484375
0 0.1890625 0.5484375 0.0328125 0.3421875
0 0.21015625 0.2625 0.0453125 0.221875
0 0.23671875 0.47578125 0.0203125 0.0484375
0 0.2375 0.39765625 0.0171875 0.1109375
0 0.271875 0.3078125 0.0390625 0.2078125
0 0.321875 0.30625 0.0671875 0.221875
0 0.38359375 0.14375 0.0484375 0.1203125
0 0.40390625 0.721875 0.034375 0.0796875
0 0.44453125 0.14921875 0.0703125 0.24375
0 0.446875 0.28359375 0.0484375 0.0796875
0 0.45078125 0.715625 0.025 0.075
0 0.5203125 0.41875 0.0703125 0.2046875
0 0.5421875 0.1171875 0.0203125 0.08125
0 0.60078125 0.3609375 0.0984375 0.421875
0 0.6328125 0.72578125 0.13125 0.0546875
0 0.61640625 0.60625 0.0953125 0.1046875
0 0.68671875 0.2484375 0.0421875 0.259375
0 0.74296875 0.49375 0.0296875 0.1203125
0 0.821875 0.48828125 0.0359375 0.359375
0 0.9265625 0.578125 0.0484375 0.2828125
