0 0.3578125 0.18515625 0.1625 0.3328125
0 0.1609375 0.71953125 0.028125 0.121875
0 0.21796875 0.33984375 0.0859375 0.1609375
0 0.2203125 0.46328125 0.0796875 0.0671875
0 0.2125 0.58359375 0.0546875 0.15
0 0.2234375 0.690625 0.05625 0.09375
0 0.26640625 0.6875 0.0234375 0.0765625
0 0.35234375 0.40078125 0.1171875 0.221875
0 0.36328125 0.5484375 0.11875 0.059375
0 0.57734375 0.24375 0.1 0.1234375
0 0.61875 0.4 0.09375 0.10625
0 0.646875 0.625 0.0640625 0.0953125
0 0.72734375 0.53359375 0.0734375 0.184375
0 0.78203125 0.1890625 0.1375 0.2
0 0.80546875 0.6921875 0.16875 0.2296875
0 0.95390625 0.6171875 0.090625 0.290625
