0 0.66484375 0.3921875 0.2703125 0.1109375
0 0.08671875 0.23125 0.1734375 0.2625
0 0.09296875 0.075 0.1859375 0.15
0 0.0953125 0.76875 0.190625 0.1109375
0 0.07109375 0.4765625 0.134375 0.275
0 0.253125 0.54296875 0.1390625 0.084375
0 0.33515625 0.70390625 0.103125 0.084375
0 0.4734375 0.6765625 0.0765625 0.20625
0 0.5640625 0.6078125 0.1546875 0.1515625
0 0.57890625 0.74765625 0.1578125 0.14375
0 0.7234375 0.596875 0.1734375 0.140625
0 0.73671875 0.74375 0.171875 0.1578125
0 0.8890625 0.68828125 0.1765625 0.28125
0 0.92109375 0.484375 0.1546875 0.28125
