0 0.0328125 0.86640625 0.0453125 0.04375
0 0.1375 0.48203125 0.1171875 0.309375
0 0.1109375 0.8703125 0.0546875 0.0515625
0 0.14140625 0.18125 0.0953125 0.1921875
0 0.26484375 0.54296875 0.0953125 0.25
0 0.33671875 0.57109375 0.046875 0.1671875
0 0.34609375 0.8203125 0.03125 0.090625
0 0.4 0.76953125 0.075 0.128125
0 0.403125 0.865625 0.0703125 0.0875
0 0.528125 0.82109375 0.1140625 0.0609375
0 0.58046875 0.90390625 0.0515625 0.1046875
0 0.7109375 0.82578125 0.125 0.275
0 0.846875 0.72734375 0.090625 0.1828125
0 0.9390625 0.5625 0.11875 0.5203125
