0 0.04375 0.15625 0.08125 0.2796875
0 0.134375 0.2625 0.1140625 0.234375
0 0.1546875 0.459375 0.059375 0.1578125
0 0.20390625 0.465625 0.040625 0.1546875
0 0.2046875 0.33515625 0.0125 0.0578125
0 0.31640625 0.6015625 0.0390625 0.0375
0 0.34453125 0.48125 0.0609375 0.1171875
0 0.40546875 0.3921875 0.04375 0.115625
0 0.4234375 0.51875 0.0671875 0.09375
0 0.47421875 0.36875 0.059375 0.0984375
0 0.5328125 0.39921875 0.0375 0.0953125
0 0.56484375 0.5046875 0.0265625 0.065625
0 0.58671875 0.421875 0.0359375 0.075
0 0.6265625 0.50546875 0.0375 0.03125
0 0.765625 0.28046875 0.0640625 0.228125
0 0.80703125 0.2796875 0.0578125 0.4328125
0 0.9171875 0.25 0.1640625 0.5
