0 0.025 0.6578125 0.05 0.13125
0 0.1109375 0.16015625 0.221875 0.1953125
0 0.284375 0.41875 0.5484375 0.2484375
0 0.11015625 0.7046875 0.075 0.1046875
0 0.14921875 0.415625 0.053125 0.1734375
0 0.209375 0.42578125 0.0484375 0.15625
0 0.39609375 0.09921875 0.353125 0.1984375
0 0.36875 0.2515625 0.290625 0.1890625
0 0.665625 0.42734375 0.20625 0.2671875
0 0.646875 0.25390625 0.153125 0.203125
0 0.69375 0.478125 0.046875 0.140625
0 0.790625 0.44765625 0.04375 0.1203125
0 0.79375 0.53828125 0.03125 0.0484375
0 0.82578125 0.02265625 0.040625 0.0453125
0 0.83671875 0.19296875 0.05625 0.2828125
0 0.86796875 0.38828125 0.0515625 0.203125
0 0.99140625 0.41484375 0.0140625 0.1375
