0 0.0328125 0.853125 0.065625 0.0875
0 0.0375 0.7640625 0.075 0.0921875
0 0.15234375 0.85078125 0.1609375 0.0921875
0 0.1546875 0.75859375 0.1609375 0.0875
0 0.23515625 0.440625 0.08125 0.2203125
0 0.31953125 0.7640625 0.1546875 0.084375
0 0.31640625 0.85234375 0.1453125 0.090625
0 0.396875 0.35546875 0.2203125 0.078125
0 0.4390625 0.6796875 0.078125 0.065625
0 0.475 0.76953125 0.1484375 0.0859375
0 0.475 0.8546875 0.1484375 0.0953125
0 0.5015625 0.4296875 0.1140625 0.084375
0 0.6390625 0.684375 0.328125 0.0828125
0 0.60234375 0.3734375 0.2078125 0.06875
0 0.625 0.8578125 0.1484375 0.09375
0 0.6234375 0.7734375 0.14375 0.0890625
0 0.63515625 0.47421875 0.1515625 0.1546875
0 0.76484375 0.85546875 0.140625 0.0859375
0 0.76484375 0.77265625 0.1328125 0.0796875
0 0.746875 0.52265625 0.0703125 0.10625
0 0.7484375 0.425 0.0625 0.103125
0 0.83828125 0.69140625 0.0703125 0.065625
0 0.896875 0.784375 0.1359375 0.0921875
0 0.89921875 0.86171875 0.134375 0.0765625
0 0.98203125 0.78125 0.034375 0.0859375
0 0.98203125 0.84921875 0.034375 0.0765625
