0 0.29296875 0.5921875 0.090625 0.0828125
0 0.30703125 0.67265625 0.0703125 0.0375
0 0.34609375 0.40078125 0.128125 0.1984375
0 0.37421875 0.6421875 0.078125 0.05
0 0.365625 0.678125 0.0546875 0.0359375
0 0.38125 0.584375 0.04375 0.1
0 0.43125 0.63125 0.08125 0.046875
0 0.48515625 0.64609375 0.03125 0.059375
0 0.57890625 0.49375 0.15625 0.096875
0 0.7203125 0.15 0.3484375 0.1859375
0 0.67890625 0.34921875 0.1140625 0.1421875
0 0.6953125 0.49453125 0.0671875 0.0828125
0 0.7984375 0.5609375 0.15 0.16875
0 0.9296875 0.3890625 0.1390625 0.2328125
0 0.9359375 0.53046875 0.1265625 0.1546875
