0 0.1671875 0.6859375 0.0296875 0.0671875
0 0.29296875 0.75703125 0.0234375 0.025
0 0.4 0.08046875 0.221875 0.1609375
0 0.321875 0.76796875 0.046875 0.0265625
0 0.3640625 0.678125 0.0703125 0.1109375
0 0.39609375 0.5296875 0.09375 0.190625
0 0.46171875 0.40625 0.034375 0.1328125
0 0.5828125 0.5421875 0.240625 0.2015625
0 0.75859375 0.38203125 0.4359375 0.2984375
0 0.7203125 0.165625 0.29375 0.1296875
0 0.7140625 0.06328125 0.2484375 0.1265625
0 0.7078125 0.628125 0.1015625 0.0953125
0 0.87578125 0.6421875 0.0671875 0.05625
