0 0.88046875 0.14375 0.1875 0.215625
0 0.015625 0.425 0.03125 0.0921875
0 0.028125 0.5140625 0.05625 0.0875
0 0.0359375 0.821875 0.071875 0.13125
0 0.03984375 0.64453125 0.078125 0.1078125
0 0.14140625 0.43046875 0.109375 0.115625
0 0.1234375 0.62109375 0.0625 0.0921875
0 0.15 0.68203125 0.1140625 0.046875
0 0.228125 0.553125 0.059375 0.1140625
0 0.2921875 0.6078125 0.0640625 0.0546875
0 0.29921875 0.5421875 0.065625 0.084375
0 0.36171875 0.63203125 0.0546875 0.059375
0 0.4921875 0.6328125 0.071875 0.08125
0 0.58125 0.6328125 0.046875 0.1328125
0 0.6546875 0.60234375 0.04375 0.0640625
0 0.7609375 0.56171875 0.0234375 0.0375
0 0.87421875 0.3953125 0.190625 0.1859375
0 0.9703125 0.4984375 0.05625 0.0859375
0 0.99375 0.31015625 0.009375 0.1390625
