0 0.64453125 0.33359375 0.3640625 0.6015625
0 0.05546875 0.69765625 0.01875 0.0546875
0 0.09140625 0.68828125 0.0546875 0.06875
0 0.16015625 0.7171875 0.025 0.04375
0 0.23515625 0.6140625 0.0671875 0.1640625
0 0.2921875 0.42890625 0.109375 0.121875
0 0.29453125 0.7140625 0.0546875 0.065625
0 0.3796875 0.54765625 0.1 0.0453125
0 0.42890625 0.64765625 0.0859375 0.0421875
0 0.4734375 0.53359375 0.0734375 0.0484375
0 0.51640625 0.70859375 0.0859375 0.04375
0 0.60546875 0.7046875 0.10625 0.0734375
0 0.6890625 0.70234375 0.0765625 0.0578125
0 0.78671875 0.7046875 0.109375 0.053125
