0 0.04921875 0.5078125 0.0984375 0.1828125
0 0.0375 0.66171875 0.0625 0.1140625
0 0.2578125 0.4578125 0.0515625 0.4859375
0 0.27890625 0.78046875 0.071875 0.053125
0 0.371875 0.5625 0.046875 0.14375
0 0.37421875 0.665625 0.0421875 0.0890625
0 0.44375 0.6 0.0875 0.1640625
0 0.44375 0.7125 0.0875 0.0515625
0 0.44453125 0.45 0.071875 0.1546875
0 0.44140625 0.17578125 0.05625 0.0421875
0 0.446875 0.31171875 0.0671875 0.1453125
0 0.446875 0.22265625 0.0578125 0.05
0 0.61484375 0.74921875 0.040625 0.0796875
0 0.628125 0.43125 0.065625 0.0984375
0 0.62890625 0.5546875 0.0390625 0.096875
0 0.6546875 0.72890625 0.03125 0.1203125
0 0.8 0.6828125 0.0796875 0.178125
0 0.82421875 0.040625 0.1015625 0.08125
0 0.83515625 0.478125 0.109375 0.2390625
0 0.86796875 0.68125 0.0359375 0.2046875
0 0.93203125 0.56796875 0.128125 0.265625
0 0.9421875 0.75390625 0.0953125 0.125
