0 0.0296875 0.5328125 0.059375 0.2734375
0 0.1671875 0.4734375 0.2171875 0.196875
0 0.15390625 0.1515625 0.1640625 0.18125
0 0.2703125 0.2953125 0.078125 0.1890625
0 0.29453125 0.52265625 0.0546875 0.125
0 0.31875 0.3703125 0.05 0.109375
0 0.39765625 0.65625 0.09375 0.1484375
0 0.39921875 0.528125 0.0828125 0.134375
0 0.4046875 0.4390625 0.0765625 0.10625
0 0.60859375 0.15625 0.078125 0.1171875
0 0.6125 0.62734375 0.071875 0.1015625
0 0.59375 0.74375 0.0296875 0.0484375
0 0.6234375 0.46875 0.0796875 0.19375
0 0.7953125 0.178125 0.0640625 0.35625
0 0.82109375 0.4984375 0.0546875 0.1484375
0 0.82109375 0.66484375 0.0484375 0.109375
0 0.90703125 0.1125 0.0703125 0.184375
0 0.94453125 0.50078125 0.0625 0.2859375
0 0.98359375 0.78984375 0.03125 0.140625
