0 0.03828125 0.15859375 0.0765625 0.2875
0 0.08828125 0.54609375 0.1765625 0.178125
0 0.1859375 0.5875 0.0328125 0.1453125
0 0.4078125 0.46640625 0.1171875 0.06875
0 0.40546875 0.74453125 0.078125 0.115625
0 0.54140625 0.4078125 0.1296875 0.275
0 0.5484375 0.6375 0.134375 0.1546875
0 0.5453125 0.77578125 0.10625 0.0859375
0 0.62421875 0.72578125 0.0453125 0.2171875
0 0.6390625 0.79765625 0.04375 0.0921875
0 0.81640625 0.35703125 0.0546875 0.59375
0 0.86328125 0.14609375 0.0703125 0.290625
0 0.86640625 0.740625 0.071875 0.1703125
0 0.8640625 0.4984375 0.059375 0.225
0 0.8875 0.853125 0.0484375 0.0375
0 0.8859375 0.759375 0.0328125 0.1203125
