0 0.259375 0.19453125 0.075 0.1734375
0 0.3015625 0.675 0.078125 0.121875
0 0.28828125 0.946875 0.040625 0.0546875
0 0.31875 0.5453125 0.09375 0.13125
0 0.3328125 0.196875 0.090625 0.23125
0 0.334375 0.3828125 0.090625 0.140625
0 0.3328125 0.85 0.0671875 0.0875
0 0.36328125 0.0375 0.1109375 0.075
0 0.62421875 0.1234375 0.4921875 0.0828125
0 0.6296875 0.23671875 0.490625 0.1296875
0 0.61875 0.38125 0.4609375 0.125
0 0.6 0.65 0.3875 0.109375
0 0.55625 0.84296875 0.25 0.0875
0 0.7234375 0.7515625 0.359375 0.1328125
0 0.7609375 0.8671875 0.05 0.15625
