0 0.74609375 0.384375 0.1421875 0.2390625
0 0.09765625 0.07734375 0.1953125 0.1546875
0 0.1734375 0.659375 0.125 0.3609375
0 0.2140625 0.32890625 0.0921875 0.2859375
0 0.22265625 0.09453125 0.0921875 0.1890625
0 0.2796875 0.1078125 0.0453125 0.215625
0 0.2984375 0.74609375 0.0234375 0.0625
0 0.4125 0.58828125 0.03125 0.05
0 0.509375 0.60078125 0.04375 0.0484375
0 0.63515625 0.38984375 0.071875 0.1078125
0 0.63359375 0.8609375 0.0359375 0.059375
0 0.68125 0.846875 0.0484375 0.0375
0 0.89375 0.1109375 0.203125 0.221875
0 0.82109375 0.8265625 0.04375 0.025
0 0.9453125 0.59765625 0.1078125 0.2375
