0 0.11015625 0.615625 0.0625 0.0609375
0 0.1140625 0.5078125 0.0546875 0.0546875
0 0.11875 0.4625 0.05625 0.0609375
0 0.11875 0.403125 0.05 0.053125
0 0.1234375 0.3609375 0.0484375 0.0484375
0 0.1265625 0.3140625 0.05 0.0453125
0 0.128125 0.26953125 0.053125 0.0578125
0 0.13125 0.225 0.0515625 0.0453125
0 0.50546875 0.64296875 0.028125 0.0265625
0 0.515625 0.5359375 0.0171875 0.0484375
0 0.57734375 0.478125 0.0421875 0.0578125
0 0.603125 0.509375 0.025 0.025
0 0.603125 0.5453125 0.0234375 0.021875
0 0.60625 0.5640625 0.028125 0.0375
0 0.60625 0.615625 0.025 0.028125
0 0.609375 0.678125 0.0296875 0.0390625
0 0.61171875 0.71328125 0.0328125 0.03125
0 0.61015625 0.646875 0.0265625 0.0234375
0 0.859375 0.3703125 0.0640625 0.06875
0 0.8421875 0.61328125 0.021875 0.0234375
0 0.86796875 0.428125 0.0640625 0.053125
0 0.87265625 0.4796875 0.0703125 0.040625
0 0.8765625 0.53984375 0.0640625 0.0359375
0 0.8890625 0.60078125 0.075 0.0359375
0 0.8890625 0.634375 0.0390625 0.034375
0 0.93046875 0.3296875 0.05625 0.0484375
0 0.93515625 0.3640625 0.0640625 0.0484375
0 0.9359375 0.3984375 0.0625 0.046875
0 0.946875 0.51875 0.065625 0.0453125
0 0.98515625 0.415625 0.028125 0.0609375
