0 0.1515625 0.4578125 0.171875 0.4296875
0 0.05859375 0.3734375 0.1171875 0.378125
0 0.09453125 0.14453125 0.1859375 0.2890625
0 0.2625 0.51171875 0.0953125 0.2390625
0 0.50546875 0.3546875 0.0546875 0.0703125
0 0.509375 0.56640625 0.0546875 0.1015625
0 0.509375 0.41328125 0.0484375 0.0453125
0 0.5109375 0.4703125 0.0453125 0.078125
0 0.62578125 0.4015625 0.0203125 0.259375
0 0.68359375 0.5578125 0.0234375 0.0625
0 0.79609375 0.38984375 0.0953125 0.3671875
0 0.93046875 0.49453125 0.1375 0.3140625
0 0.92890625 0.28671875 0.134375 0.165625
