0 0.10546875 0.25859375 0.1875 0.4078125
0 0.0546875 0.49140625 0.0609375 0.0703125
0 0.07109375 0.615625 0.0390625 0.08125
0 0.11171875 0.7015625 0.0609375 0.0703125
0 0.11484375 0.47734375 0.0578125 0.0828125
0 0.196875 0.6046875 0.0546875 0.2640625
0 0.215625 0.78984375 0.03125 0.05625
0 0.30234375 0.625 0.0359375 0.1796875
0 0.35703125 0.63125 0.0359375 0.1625
0 0.403125 0.6125 0.0390625 0.1015625
0 0.51484375 0.503125 0.025 0.303125
0 0.5828125 0.6625 0.0375 0.1421875
0 0.58671875 0.6578125 0.0203125 0.2671875
0 0.675 0.76015625 0.065625 0.0546875
0 0.68125 0.6375 0.0671875 0.0796875
0 0.79765625 0.27109375 0.1140625 0.3765625
