0 0.0234375 0.51875 0.046875 0.16875
0 0.02421875 0.69375 0.0484375 0.175
0 0.0265625 0.35078125 0.053125 0.1625
0 0.30234375 0.971875 0.3546875 0.05
0 0.18046875 0.27421875 0.0796875 0.175
0 0.1765625 0.46640625 0.0703125 0.215625
0 0.2953125 0.26484375 0.103125 0.1796875
0 0.28203125 0.46953125 0.0671875 0.2359375
0 0.48515625 0.4515625 0.33125 0.2265625
0 0.43828125 0.2578125 0.1078125 0.2
0 0.6375 0.2203125 0.2390625 0.2171875
0 0.67578125 0.84921875 0.2515625 0.0515625
0 0.70859375 0.42578125 0.103125 0.246875
0 0.846875 0.8421875 0.0796875 0.053125
0 0.9296875 0.8390625 0.06875 0.040625
0 0.98359375 0.83359375 0.028125 0.04375
