0 0.1078125 0.48359375 0.125 0.2859375
0 0.32734375 0.534375 0.3296875 0.3359375
0 0.30390625 0.16640625 0.234375 0.3328125
0 0.4875 0.2234375 0.153125 0.446875
0 0.51484375 0.57734375 0.0625 0.2859375
0 0.57890625 0.59921875 0.034375 0.2328125
0 0.59296875 0.4515625 0.0296875 0.08125
0 0.60859375 0.61015625 0.03125 0.221875
0 0.690625 0.66484375 0.0421875 0.1484375
0 0.68828125 0.56015625 0.03125 0.0828125
0 0.71875 0.7265625 0.0328125 0.121875
0 0.728125 0.57421875 0.0328125 0.1296875
0 0.73984375 0.7296875 0.0171875 0.125
0 0.7640625 0.70703125 0.025 0.1109375
0 0.76640625 0.60078125 0.015625 0.0953125
0 0.7859375 0.72890625 0.01875 0.090625
0 0.81875 0.4171875 0.0328125 0.0390625
0 0.828125 0.5296875 0.0390625 0.0515625
0 0.83828125 0.68671875 0.028125 0.078125
0 0.9859375 0.63828125 0.0265625 0.1296875
