0 0.0296875 0.690625 0.059375 0.059375
0 0.03828125 0.878125 0.0765625 0.05
0 0.021875 0.22265625 0.0375 0.3578125
0 0.06015625 0.49921875 0.0828125 0.28125
0 0.075 0.2484375 0.0546875 0.128125
0 0.33984375 0.54296875 0.0671875 0.14375
0 0.3546875 0.734375 0.0390625 0.128125
0 0.42890625 0.43984375 0.15 0.1453125
0 0.38125 0.10390625 0.0328125 0.2078125
0 0.44453125 0.83359375 0.0609375 0.153125
0 0.5640625 0.9515625 0.1640625 0.09375
0 0.509375 0.76328125 0.0484375 0.20625
0 0.590625 0.69453125 0.1640625 0.3
0 0.6828125 0.94765625 0.09375 0.1
0 0.7859375 0.7296875 0.075 0.1765625
0 0.8890625 0.43203125 0.146875 0.5125
0 0.89140625 0.7390625 0.14375 0.1765625
0 0.9078125 0.9421875 0.1734375 0.1125
0 0.97734375 0.61484375 0.04375 0.2140625
