0 0.24296875 0.13359375 0.4265625 0.2671875
0 0.1890625 0.7328125 0.0609375 0.0640625
0 0.2625 0.4578125 0.0765625 0.4390625
0 0.3625 0.59296875 0.134375 0.203125
0 0.33515625 0.4375 0.075 0.184375
0 0.3640625 0.36171875 0.1234375 0.15625
0 0.47109375 0.74375 0.125 0.0484375
0 0.5296875 0.25625 0.1328125 0.3140625
0 0.5953125 0.4953125 0.04375 0.09375
0 0.61640625 0.2828125 0.0640625 0.3484375
0 0.77578125 0.590625 0.09375 0.0609375
0 0.9546875 0.53046875 0.0765625 0.140625
0 0.96953125 0.6265625 0.059375 0.0640625
0 0.978125 0.1578125 0.040625 0.078125
0 0.978125 0.27578125 0.040625 0.121875
