0 0.09765625 0.59375 0.0390625 0.2140625
0 0.240625 0.57734375 0.0953125 0.209375
0 0.3421875 0.1921875 0.15 0.384375
0 0.39296875 0.51875 0.2046875 0.2859375
0 0.4734375 0.32109375 0.121875 0.2359375
0 0.55 0.7390625 0.1203125 0.0984375
0 0.5828125 0.57109375 0.178125 0.25625
0 0.590625 0.4453125 0.11875 0.15
0 0.590625 0.22109375 0.1171875 0.36875
0 0.64375 0.74140625 0.0703125 0.0828125
0 0.68125 0.4671875 0.0546875 0.1609375
0 0.72109375 0.6890625 0.075 0.2015625
0 0.7671875 0.40234375 0.1046875 0.1546875
