0 0.0109375 0.509375 0.021875 0.215625
0 0.1890625 0.39375 0.1234375 0.4046875
0 0.37421875 0.384375 0.2515625 0.4078125
0 0.37578125 0.38671875 0.2484375 0.4140625
0 0.56953125 0.4640625 0.171875 0.240625
0 0.57890625 0.1890625 0.1296875 0.153125
0 0.5875 0.30390625 0.134375 0.1609375
0 0.69296875 0.3734375 0.0359375 0.3109375
0 0.71328125 0.56953125 0.0359375 0.04375
0 0.7296875 0.34375 0.0328125 0.2890625
0 0.87578125 0.5015625 0.05 0.153125
0 0.8859375 0.3984375 0.065625 0.046875
0 0.88125 0.503125 0.025 0.146875
