0 0.92890625 0.196875 0.1328125 0.2515625
0 0.0515625 0.784375 0.1015625 0.11875
0 0.0828125 0.596875 0.1484375 0.2484375
0 0.09140625 0.1703125 0.0953125 0.340625
0 0.1234375 0.02734375 0.0484375 0.053125
0 0.175 0.2171875 0.1421875 0.3796875
0 0.2 0.6265625 0.0640625 0.1578125
0 0.19609375 0.5109375 0.0515625 0.1265625
0 0.2546875 0.24921875 0.0515625 0.415625
0 0.29609375 0.59140625 0.03125 0.0828125
0 0.41328125 0.6625 0.0703125 0.0734375
0 0.54140625 0.82734375 0.0828125 0.0671875
0 0.54765625 0.15234375 0.0859375 0.0921875
0 0.55 0.6703125 0.090625 0.2421875
0 0.55078125 0.284375 0.084375 0.1625
0 0.55390625 0.45703125 0.078125 0.175
0 0.6421875 0.74375 0.034375 0.0875
0 0.8453125 0.90546875 0.0828125 0.1734375
0 0.94296875 0.69765625 0.034375 0.1515625
0 0.9578125 0.66484375 0.046875 0.1703125
0 0.9796875 0.61328125 0.0390625 0.203125
