0 0.2328125 0.47421875 0.09375 0.2875
0 0.0734375 0.57734375 0.146875 0.1921875
0 0.0796875 0.35859375 0.159375 0.3375
0 0.2 0.70703125 0.1140625 0.2203125
0 0.3796875 0.6359375 0.0625 0.1828125
0 0.43203125 0.69140625 0.05625 0.09375
0 0.44375 0.66953125 0.040625 0.1765625
0 0.6109375 0.621875 0.059375 0.0984375
0 0.6078125 0.55390625 0.05 0.0546875
0 0.60859375 0.4296875 0.046875 0.0640625
0 0.6125 0.490625 0.0546875 0.05625
0 0.6046875 0.73671875 0.034375 0.1265625
0 0.6140625 0.34296875 0.0515625 0.078125
0 0.646875 0.83125 0.05 0.0265625
0 0.703125 0.84609375 0.0953125 0.0671875
0 0.74140625 0.553125 0.034375 0.475
