0 0.140625 0.49375 0.075 0.26875
0 0.1984375 0.7890625 0.053125 0.084375
0 0.2328125 0.228125 0.11875 0.1109375
0 0.2703125 0.6421875 0.1421875 0.1234375
0 0.27421875 0.5125 0.13125 0.109375
0 0.2765625 0.41796875 0.1234375 0.0703125
0 0.2765625 0.32890625 0.1109375 0.125
0 0.4046875 0.7515625 0.065625 0.0390625
0 0.5046875 0.65234375 0.06875 0.1078125
0 0.5015625 0.74609375 0.05625 0.0796875
0 0.6515625 0.2109375 0.1296875 0.36875
0 0.7203125 0.54140625 0.1453125 0.1734375
0 0.79296875 0.70390625 0.10625 0.08125
0 0.81796875 0.76875 0.140625 0.103125
0 0.8828125 0.725 0.1015625 0.0859375
0 0.88984375 0.51328125 0.103125 0.134375
