0 0.903125 0.375 0.1859375 0.240625
0 0.0234375 0.26875 0.046875 0.2359375
0 0.05 0.0734375 0.1 0.146875
0 0.1078125 0.77421875 0.0359375 0.0296875
0 0.15 0.74296875 0.05625 0.040625
0 0.24140625 0.7890625 0.0203125 0.0140625
0 0.3078125 0.7671875 0.0984375 0.0328125
0 0.29453125 0.78828125 0.0203125 0.0140625
0 0.33828125 0.790625 0.0234375 0.0203125
0 0.44765625 0.70859375 0.15 0.10625
0 0.45390625 0.58125 0.0953125 0.121875
0 0.5140625 0.57421875 0.0265625 0.06875
0 0.52890625 0.73125 0.0109375 0.115625
0 0.56015625 0.6578125 0.05 0.08125
0 0.59296875 0.6625 0.015625 0.0703125
0 0.63359375 0.6703125 0.0765625 0.0515625
0 0.6546875 0.6546875 0.0453125 0.0359375
0 0.68046875 0.67109375 0.0203125 0.075
0 0.69609375 0.7 0.015625 0.059375
0 0.78203125 0.465625 0.1140625 0.0984375
0 0.790625 0.54453125 0.1109375 0.14375
0 0.80390625 0.66484375 0.0875 0.0953125
0 0.8984375 0.81640625 0.0484375 0.1078125
0 0.93125 0.54453125 0.0859375 0.0890625
0 0.94375 0.6421875 0.0828125 0.0953125
0 0.9859375 0.56171875 0.025 0.0453125
0 0.98984375 0.6375 0.01875 0.0953125
