0 0.75859375 0.58203125 0.0734375 0.3796875
0 0.16875 0.20703125 0.071875 0.4140625
0 0.228125 0.365625 0.04375 0.35
0 0.2671875 0.4796875 0.0359375 0.26875
0 0.2875 0.55234375 0.0296875 0.1953125
0 0.4375 0.55390625 0.0671875 0.034375
0 0.43984375 0.51875 0.0546875 0.0359375
0 0.48515625 0.3875 0.0875 0.0515625
0 0.4953125 0.165625 0.0484375 0.05
0 0.6578125 0.49609375 0.11875 0.2875
0 0.71796875 0.478125 0.0609375 0.2265625
0 0.72578125 0.2796875 0.0515625 0.1609375
0 0.86875 0.58046875 0.1828125 0.3375
0 0.9125 0.21640625 0.1734375 0.3953125
