0 0.07265625 0.5328125 0.1109375 0.2640625
0 0.13984375 0.80234375 0.0203125 0.028125
0 0.20078125 0.6296875 0.1140625 0.1796875
0 0.18125 0.47578125 0.0515625 0.109375
0 0.184375 0.37890625 0.053125 0.103125
0 0.278125 0.41171875 0.071875 0.1640625
0 0.27578125 0.59921875 0.0515625 0.1359375
0 0.34609375 0.46953125 0.0421875 0.1515625
0 0.38125 0.63125 0.0203125 0.0984375
0 0.38828125 0.53203125 0.0203125 0.06875
0 0.446875 0.66875 0.0125 0.0171875
0 0.4609375 0.66015625 0.0203125 0.053125
0 0.48828125 0.66953125 0.0375 0.025
0 0.4890625 0.5640625 0.0359375 0.0921875
0 0.4890625 0.63125 0.0359375 0.0359375
0 0.49140625 0.48984375 0.0359375 0.0578125
0 0.49296875 0.38125 0.0375 0.0609375
0 0.49140625 0.4296875 0.0265625 0.03125
0 0.4953125 0.33125 0.03125 0.0390625
0 0.515625 0.64453125 0.0171875 0.0734375
0 0.5734375 0.57421875 0.0234375 0.0359375
0 0.57265625 0.60625 0.015625 0.0390625
0 0.6078125 0.5421875 0.0234375 0.209375
0 0.63984375 0.43984375 0.0625 0.1390625
0 0.6421875 0.58125 0.046875 0.078125
0 0.6421875 0.65390625 0.04375 0.0953125
0 0.6453125 0.52109375 0.0484375 0.0640625
0 0.75859375 0.68984375 0.159375 0.096875
0 0.82890625 0.3359375 0.1578125 0.303125
0 0.9015625 0.565625 0.1953125 0.390625
0 0.95390625 0.20859375 0.090625 0.4171875
