0 0.45234375 0.29375 0.2640625 0.1703125
0 0.1734375 0.10390625 0.125 0.2078125
0 0.17265625 0.76796875 0.115625 0.06875
0 0.21953125 0.465625 0.04375 0.071875
0 0.228125 0.36875 0.0546875 0.2828125
0 0.2828125 0.7515625 0.0390625 0.1078125
0 0.315625 0.584375 0.03125 0.3578125
0 0.4390625 0.45 0.1890625 0.23125
0 0.43671875 0.7328125 0.1046875 0.121875
0 0.60625 0.19140625 0.0828125 0.1390625
0 0.6359375 0.4859375 0.0234375 0.175
0 0.65859375 0.54765625 0.0234375 0.4265625
0 0.759375 0.64375 0.0890625 0.2046875
0 0.7921875 0.26953125 0.075 0.5390625
0 0.90078125 0.66875 0.184375 0.0984375
0 0.87890625 0.5828125 0.06875 0.165625
0 0.9203125 0.72890625 0.1390625 0.075
0 0.93046875 0.1890625 0.1140625 0.178125
0 0.94453125 0.38125 0.109375 0.2140625
0 0.9515625 0.58671875 0.0953125 0.1375
