0 0.0453125 0.284375 0.090625 0.56875
0 0.09296875 0.82109375 0.103125 0.05
0 0.19453125 0.83125 0.0953125 0.0328125
0 0.24765625 0.290625 0.075 0.4609375
0 0.24609375 0.625 0.06875 0.1765625
0 0.290625 0.75 0.071875 0.08125
0 0.34296875 0.6203125 0.0421875 0.2
0 0.37265625 0.29765625 0.0828125 0.0859375
0 0.36796875 0.7625 0.071875 0.0765625
0 0.3765625 0.48203125 0.053125 0.25
0 0.478125 0.49765625 0.075 0.096875
0 0.56328125 0.796875 0.0390625 0.0484375
0 0.56953125 0.734375 0.0515625 0.0875
0 0.575 0.39609375 0.0578125 0.1484375
0 0.61015625 0.73125 0.028125 0.1296875
0 0.63671875 0.7234375 0.0234375 0.1453125
0 0.7421875 0.6765625 0.0203125 0.0265625
0 0.746875 0.703125 0.0234375 0.0421875
0 0.74765625 0.771875 0.01875 0.0390625
0 0.74765625 0.7359375 0.015625 0.03125
0 0.74921875 0.8 0.0109375 0.0421875
0 0.7984375 0.46484375 0.075 0.1109375
0 0.80703125 0.71015625 0.0359375 0.0359375
0 0.821875 0.60234375 0.0515625 0.0953125
0 0.97421875 0.6171875 0.04375 0.0609375
