0 0.59765625 0.334375 0.2078125 0.15
0 0.321875 0.696875 0.0203125 0.25625
0 0.340625 0.6953125 0.015625 0.2453125
0 0.41328125 0.6390625 0.01875 0.228125
0 0.4515625 0.596875 0.034375 0.2640625
0 0.58828125 0.5015625 0.0890625 0.1109375
0 0.59453125 0.6515625 0.08125 0.04375
0 0.59453125 0.6 0.0796875 0.0609375
0 0.5984375 0.6921875 0.084375 0.0484375
0 0.63515625 0.93125 0.11875 0.13125
0 0.7265625 0.634375 0.06875 0.0234375
0 0.72734375 0.51953125 0.0703125 0.021875
0 0.72734375 0.4984375 0.0671875 0.0296875
0 0.728125 0.59765625 0.0625 0.021875
0 0.72890625 0.5765625 0.0578125 0.0203125
0 0.78671875 0.51015625 0.0328125 0.2296875
0 0.9046875 0.5921875 0.034375 0.053125
