0 0.640625 0.4484375 0.6109375 0.75
0 0.02421875 0.7421875 0.0484375 0.171875
0 0.06171875 0.56875 0.09375 0.090625
0 0.1734375 0.715625 0.1296875 0.20625
0 0.1546875 0.60625 0.053125 0.0859375
0 0.20234375 0.47890625 0.1453125 0.20625
0 0.18984375 0.58828125 0.040625 0.10625
0 0.22890625 0.56171875 0.040625 0.103125
0 0.27109375 0.64921875 0.0515625 0.31875
0 0.2984375 0.39765625 0.059375 0.1484375
0 0.309375 0.5578125 0.0390625 0.1625
0 0.96171875 0.728125 0.04375 0.2359375
0 0.99140625 0.66171875 0.015625 0.10625
