0 0.05625 0.146875 0.1078125 0.2109375
0 0.06875 0.65546875 0.0625 0.040625
0 0.1109375 0.1546875 0.1078125 0.309375
0 0.1015625 0.56484375 0.046875 0.0421875
0 0.14296875 0.525 0.115625 0.0640625
0 0.35234375 0.50078125 0.06875 0.034375
0 0.3609375 0.575 0.0640625 0.065625
0 0.3796875 0.43046875 0.0640625 0.10625
0 0.47734375 0.684375 0.1578125 0.0640625
0 0.5078125 0.36171875 0.15625 0.15
0 0.50625 0.2171875 0.14375 0.11875
0 0.521875 0.1078125 0.1140625 0.08125
0 0.7859375 0.39375 0.10625 0.0796875
0 0.7703125 0.6734375 0.0671875 0.0859375
0 0.80234375 0.4828125 0.09375 0.0640625
0 0.89765625 0.67109375 0.146875 0.109375
0 0.93125 0.3953125 0.1359375 0.1
0 0.93359375 0.5671875 0.13125 0.0859375
