0 0.1859375 0.3015625 0.0453125 0.090625
0 0.246875 0.2015625 0.1203125 0.0828125
0 0.228125 0.8640625 0.0328125 0.0625
0 0.3890625 0.82578125 0.08125 0.05625
0 0.53203125 0.65546875 0.3375 0.1375
0 0.66484375 0.415625 0.584375 0.31875
0 0.58125 0.94765625 0.2578125 0.103125
0 0.5921875 0.83828125 0.21875 0.078125
0 0.5984375 0.76328125 0.215625 0.0484375
0 0.728125 0.41484375 0.4 0.2015625
0 0.77265625 0.70546875 0.125 0.1
0 0.8859375 0.9671875 0.2078125 0.0609375
0 0.90078125 0.08515625 0.1328125 0.1703125
