0 0.253125 0.70390625 0.0765625 0.075
0 0.3078125 0.8578125 0.0546875 0.071875
0 0.3234375 0.465625 0.06875 0.14375
0 0.315625 0.7515625 0.0390625 0.05
0 0.3625 0.73046875 0.0703125 0.078125
0 0.40390625 0.821875 0.065625 0.0734375
0 0.41796875 0.59375 0.0453125 0.4265625
0 0.49296875 0.278125 0.1109375 0.259375
0 0.51171875 0.53125 0.0625 0.496875
0 0.6609375 0.28359375 0.1328125 0.1203125
0 0.67109375 0.44609375 0.140625 0.08125
0 0.67578125 0.5921875 0.1453125 0.0984375
0 0.671875 0.7640625 0.10625 0.2109375
0 0.69140625 0.7015625 0.1234375 0.0734375
0 0.7296875 0.75546875 0.0609375 0.10625
