0 0.07734375 0.5984375 0.1546875 0.09375
0 0.08671875 0.29140625 0.171875 0.5359375
0 0.221875 0.48671875 0.0765625 0.0296875
0 0.2015625 0.35625 0.03125 0.04375
0 0.20703125 0.31484375 0.025 0.04375
0 0.4296875 0.5828125 0.0484375 0.1640625
0 0.4890625 0.503125 0.0671875 0.0890625
0 0.48046875 0.61640625 0.0453125 0.1375
0 0.5484375 0.53125 0.0578125 0.2203125
0 0.59296875 0.6703125 0.1328125 0.0703125
0 0.62578125 0.4484375 0.0875 0.196875
0 0.7234375 0.553125 0.1671875 0.14375
0 0.6984375 0.66328125 0.046875 0.1375
0 0.7484375 0.37578125 0.1375 0.2671875
0 0.9046875 0.23359375 0.1625 0.165625
0 0.9109375 0.38046875 0.175 0.2421875
