0 0.04921875 0.73046875 0.096875 0.15
0 0.12421875 0.3609375 0.103125 0.4390625
0 0.2078125 0.75546875 0.1640625 0.2953125
0 0.25703125 0.2875 0.096875 0.571875
0 0.334375 0.84296875 0.0515625 0.1484375
0 0.34921875 0.68515625 0.08125 0.1375
0 0.35078125 0.45859375 0.071875 0.3015625
0 0.4203125 0.775 0.1140625 0.08125
0 0.371875 0.87265625 0.015625 0.090625
0 0.39375 0.9109375 0.0359375 0.14375
0 0.44296875 0.54453125 0.090625 0.3015625
0 0.471875 0.9328125 0.034375 0.090625
0 0.51640625 0.71796875 0.0578125 0.296875
0 0.51640625 0.93671875 0.0265625 0.0890625
0 0.59453125 0.72421875 0.075 0.4453125
0 0.659375 0.73828125 0.0609375 0.415625
0 0.74140625 0.83125 0.04375 0.18125
0 0.84296875 0.30390625 0.1078125 0.425
0 0.934375 0.81640625 0.0953125 0.1671875
