0 0.2 0.29921875 0.140625 0.3625
0 0.0609375 0.39140625 0.121875 0.4359375
0 0.26640625 0.61328125 0.1734375 0.228125
0 0.31796875 0.44140625 0.090625 0.18125
0 0.4 0.54375 0.09375 0.1046875
0 0.409375 0.3578125 0.09375 0.3328125
0 0.43828125 0.66796875 0.0765625 0.15625
0 0.4703125 0.553125 0.04375 0.121875
0 0.5375 0.48125 0.0984375 0.165625
0 0.6515625 0.59375 0.046875 0.1625
0 0.8171875 0.24609375 0.05625 0.1109375
0 0.82734375 0.32890625 0.059375 0.065625
0 0.83203125 0.425 0.06875 0.1359375
