0 0.03046875 0.571875 0.0515625 0.2015625
0 0.015625 0.7375 0.0203125 0.128125
0 0.03203125 0.421875 0.053125 0.109375
0 0.08046875 0.703125 0.0578125 0.1578125
0 0.10625 0.71875 0.0140625 0.1765625
0 0.11328125 0.6453125 0.0234375 0.140625
0 0.1265625 0.63046875 0.021875 0.1390625
0 0.14296875 0.6203125 0.03125 0.15625
0 0.2359375 0.32109375 0.0703125 0.215625
0 0.26015625 0.5625 0.0421875 0.246875
0 0.29765625 0.20546875 0.0640625 0.2921875
0 0.38203125 0.2203125 0.2265625 0.3828125
0 0.378125 0.5546875 0.19375 0.240625
0 0.540625 0.5265625 0.1125 0.2921875
0 0.61875 0.50234375 0.04375 0.284375
0 0.76171875 0.440625 0.2390625 0.3609375
0 0.90859375 0.67578125 0.18125 0.165625
0 0.95078125 0.4015625 0.096875 0.390625
