0 0.3953125 0.5953125 0.025 0.0796875
0 0.43046875 0.60703125 0.0390625 0.075
0 0.4546875 0.6203125 0.0515625 0.1
0 0.4671875 0.4625 0.0671875 0.0375
0 0.4984375 0.63125 0.0484375 0.1125
0 0.53046875 0.63828125 0.03125 0.1203125
0 0.5640625 0.65703125 0.028125 0.0953125
0 0.59375 0.46328125 0.084375 0.0390625
0 0.60078125 0.6546875 0.0328125 0.121875
0 0.73359375 0.69609375 0.075 0.1703125
0 0.8140625 0.41171875 0.203125 0.1171875
0 0.81328125 0.71796875 0.09375 0.178125
0 0.9015625 0.7421875 0.1328125 0.2140625
