0 0.096875 0.51015625 0.0921875 0.5796875
0 0.096875 0.92265625 0.0828125 0.0875
0 0.20859375 0.86328125 0.1796875 0.1890625
0 0.34453125 0.9046875 0.04375 0.0625
0 0.40625 0.88125 0.0859375 0.1375
0 0.5578125 0.503125 0.059375 0.1140625
0 0.55625 0.1984375 0.0515625 0.240625
0 0.55859375 0.44921875 0.0546875 0.1828125
0 0.5546875 0.71328125 0.0453125 0.2921875
0 0.740625 0.43984375 0.0921875 0.3125
0 0.75859375 0.6984375 0.05 0.1359375
0 0.7671875 0.88984375 0.05625 0.08125
0 0.77109375 0.79765625 0.0515625 0.0921875
0 0.85 0.0921875 0.1140625 0.184375
0 0.8546875 0.33203125 0.1140625 0.2609375
0 0.85625 0.5859375 0.1140625 0.240625
0 0.8515625 0.79296875 0.0828125 0.1125
0 0.95625 0.43359375 0.05625 0.3140625
