0 0.15546875 0.24296875 0.3109375 0.4859375
0 0.28984375 0.78828125 0.053125 0.2078125
0 0.353125 0.81015625 0.021875 0.1296875
0 0.4421875 0.884375 0.0234375 0.0796875
0 0.45 0.81640625 0.0234375 0.046875
0 0.4515625 0.76640625 0.0265625 0.0484375
0 0.4515625 0.71875 0.0234375 0.0265625
0 0.5546875 0.640625 0.025 0.1828125
0 0.5671875 0.8453125 0.0359375 0.0625
0 0.60078125 0.8140625 0.03125 0.0984375
0 0.6578125 0.82578125 0.0234375 0.1015625
0 0.678125 0.353125 0.04375 0.70625
0 0.6859375 0.83125 0.0359375 0.1421875
0 0.7484375 0.1390625 0.1171875 0.278125
0 0.86875 0.31640625 0.259375 0.5453125
0 0.85 0.7328125 0.1796875 0.3171875
