0 0.31015625 0.37578125 0.528125 0.5984375
0 0.06953125 0.38984375 0.1390625 0.2671875
0 0.06640625 0.590625 0.0984375 0.125
0 0.1015625 0.6921875 0.115625 0.096875
0 0.315625 0.47890625 0.2921875 0.2671875
0 0.30078125 0.6609375 0.259375 0.0703125
0 0.30390625 0.2046875 0.265625 0.2515625
0 0.3015625 0.78046875 0.24375 0.090625
0 0.3125 0.028125 0.2421875 0.05625
0 0.49765625 0.40078125 0.0828125 0.26875
0 0.50546875 0.6625 0.0875 0.1765625
0 0.61953125 0.85 0.05 0.0625
0 0.765625 0.66875 0.059375 0.11875
0 0.95 0.15703125 0.09375 0.1578125
0 0.98203125 0.35546875 0.034375 0.121875
