0 0.0875 0.7046875 0.146875 0.2828125
0 0.09453125 0.39921875 0.10625 0.3296875
0 0.1765625 0.71484375 0.071875 0.29375
0 0.2421875 0.43515625 0.1078125 0.28125
0 0.24375 0.68359375 0.0625 0.2203125
0 0.2796875 0.70078125 0.059375 0.221875
0 0.3078125 0.72421875 0.0515625 0.1984375
0 0.35078125 0.54921875 0.046875 0.1765625
0 0.3921875 0.7671875 0.0203125 0.1203125
0 0.51875 0.64921875 0.0421875 0.0859375
0 0.72421875 0.646875 0.065625 0.328125
0 0.80390625 0.69453125 0.09375 0.3328125
0 0.92890625 0.4265625 0.140625 0.5609375
