0 0.1453125 0.5375 0.071875 0.1453125
0 0.14609375 0.37421875 0.0625 0.146875
0 0.15078125 0.2203125 0.059375 0.1421875
0 0.2828125 0.51953125 0.075 0.125
0 0.3578125 0.2484375 0.2015625 0.0796875
0 0.3578125 0.37109375 0.18125 0.1328125
0 0.3578125 0.51328125 0.0625 0.115625
0 0.43046875 0.5171875 0.059375 0.115625
0 0.56875 0.371875 0.0671875 0.1390625
0 0.6609375 0.25234375 0.2515625 0.078125
0 0.5703125 0.51171875 0.059375 0.1171875
0 0.63359375 0.3734375 0.075 0.1375
0 0.64140625 0.5171875 0.0625 0.1078125
0 0.69921875 0.3734375 0.0640625 0.13125
0 0.709375 0.5265625 0.0625 0.0828125
0 0.76484375 0.3734375 0.071875 0.1375
0 0.7734375 0.52890625 0.059375 0.1046875
