0 0.325 0.32265625 0.2703125 0.2265625
0 0.04140625 0.4359375 0.0828125 0.221875
0 0.0515625 0.159375 0.103125 0.19375
0 0.13515625 0.6734375 0.05625 0.059375
0 0.1546875 0.42734375 0.059375 0.096875
0 0.3234375 0.49609375 0.2515625 0.1875
0 0.22578125 0.63671875 0.0484375 0.05625
0 0.40078125 0.11015625 0.3703125 0.2203125
0 0.28828125 0.634375 0.06875 0.0453125
0 0.35234375 0.634375 0.0609375 0.040625
0 0.42890625 0.64453125 0.0734375 0.040625
0 0.5453125 0.64375 0.1484375 0.0515625
0 0.5375 0.43046875 0.11875 0.3484375
0 0.62578125 0.178125 0.1171875 0.1125
0 0.646875 0.63046875 0.05625 0.0484375
0 0.75625 0.44609375 0.0546875 0.2171875
0 0.8109375 0.44921875 0.028125 0.1109375
0 0.84453125 0.446875 0.0546875 0.05625
0 0.8875 0.51640625 0.04375 0.0984375
0 0.9703125 0.40859375 0.05625 0.290625
