0 0.5328125 0.37109375 0.2625 0.2203125
0 0.009375 0.63828125 0.01875 0.0734375
0 0.034375 0.70859375 0.06875 0.0453125
0 0.08046875 0.60234375 0.078125 0.0703125
0 0.0984375 0.75859375 0.0828125 0.0234375
0 0.10078125 0.70625 0.075 0.0515625
0 0.18359375 0.56875 0.0609375 0.140625
0 0.2796875 0.559375 0.0859375 0.1015625
0 0.3984375 0.61875 0.1765625 0.1296875
0 0.56328125 0.628125 0.1484375 0.128125
0 0.565625 0.66484375 0.0203125 0.078125
0 0.6609375 0.49140625 0.0671875 0.103125
0 0.7546875 0.6125 0.2421875 0.18125
0 0.81953125 0.578125 0.2890625 0.2046875
0 0.8984375 0.2984375 0.2015625 0.1421875
