0 0.06328125 0.2109375 0.1265625 0.421875
0 0.125 0.3765625 0.0828125 0.3109375
0 0.125 0.72421875 0.0640625 0.0453125
0 0.190625 0.62578125 0.03125 0.1625
0 0.2109375 0.403125 0.0484375 0.2640625
0 0.2390625 0.6421875 0.028125 0.0984375
0 0.5 0.41953125 0.0390625 0.25
0 0.5109375 0.6390625 0.03125 0.115625
0 0.540625 0.6453125 0.0359375 0.1625
0 0.6515625 0.24140625 0.2109375 0.4828125
0 0.59140625 0.6328125 0.0625 0.1171875
0 0.6046875 0.7578125 0.0703125 0.040625
0 0.79921875 0.54765625 0.075 0.15625
0 0.9171875 0.23984375 0.1640625 0.328125
0 0.9125 0.66875 0.084375 0.0703125
0 0.92265625 0.7421875 0.090625 0.0828125
