0 0.271875 0.51875 0.0515625 0.053125
0 0.31171875 0.5296875 0.015625 0.034375
0 0.353125 0.53515625 0.0484375 0.040625
0 0.39140625 0.53515625 0.0203125 0.0296875
0 0.45234375 0.534375 0.046875 0.021875
0 0.48984375 0.5328125 0.0203125 0.034375
0 0.534375 0.53359375 0.046875 0.046875
0 0.56796875 0.6375 0.0234375 0.0265625
0 0.728125 0.30703125 0.015625 0.0703125
0 0.78671875 0.4734375 0.09375 0.2484375
0 0.8171875 0.19765625 0.0421875 0.0328125
0 0.91875 0.6234375 0.015625 0.040625
0 0.93984375 0.2234375 0.0421875 0.1234375
0 0.97734375 0.72578125 0.0421875 0.1421875
