0 0.759375 0.4828125 0.1421875 0.18125
0 0.0875 0.0734375 0.16875 0.146875
0 0.1546875 0.3359375 0.0484375 0.1234375
0 0.1640625 0.2234375 0.0546875 0.1265625
0 0.20546875 0.50078125 0.040625 0.0609375
0 0.3453125 0.5765625 0.028125 0.109375
0 0.46484375 0.67265625 0.0359375 0.134375
0 0.5421875 0.43359375 0.1234375 0.253125
0 0.6171875 0.43359375 0.0359375 0.1671875
0 0.64921875 0.459375 0.0515625 0.146875
0 0.7234375 0.2203125 0.1375 0.1890625
0 0.73515625 0.7453125 0.1078125 0.04375
0 0.74921875 0.6546875 0.1359375 0.1390625
0 0.83515625 0.6734375 0.01875 0.0796875
0 0.8625 0.503125 0.0625 0.1234375
0 0.8703125 0.66171875 0.0265625 0.03125
0 0.8890625 0.65859375 0.0265625 0.1328125
0 0.91171875 0.6390625 0.0328125 0.1578125
0 0.9390625 0.63203125 0.025 0.0765625
0 0.9546875 0.628125 0.025 0.084375
