0 0.09453125 0.6203125 0.1890625 0.2171875
0 0.17265625 0.2671875 0.3453125 0.534375
0 0.25078125 0.628125 0.1171875 0.2359375
0 0.33203125 0.68984375 0.075 0.171875
0 0.359375 0.71640625 0.028125 0.11875
0 0.3765625 0.70859375 0.0296875 0.0890625
0 0.43515625 0.74375 0.0390625 0.0890625
0 0.5671875 0.61328125 0.0328125 0.03125
0 0.56875 0.70703125 0.0296875 0.05
0 0.56796875 0.753125 0.0265625 0.0546875
0 0.56796875 0.6578125 0.025 0.0453125
0 0.603125 0.7265625 0.034375 0.13125
0 0.65078125 0.56796875 0.071875 0.3765625
0 0.8328125 0.29453125 0.3328125 0.5890625
