0 0.40546875 0.209375 0.4703125 0.25625
0 0.3234375 0.97265625 0.1578125 0.053125
0 0.334375 0.8390625 0.16875 0.1109375
0 0.3296875 0.42421875 0.15625 0.1484375
0 0.328125 0.696875 0.15 0.13125
0 0.3296875 0.559375 0.153125 0.1375
0 0.3390625 0.30078125 0.14375 0.15625
0 0.4875 0.90078125 0.125 0.1828125
0 0.4875 0.65234375 0.0796875 0.0890625
0 0.55625 0.44453125 0.075 0.528125
0 0.615625 0.8203125 0.0796875 0.3515625
0 0.60703125 0.4078125 0.0578125 0.090625
0 0.60703125 0.2640625 0.05625 0.0953125
0 0.6125 0.5390625 0.0546875 0.096875
0 0.684375 0.7671875 0.04375 0.4515625
0 0.6921875 0.7046875 0.0546875 0.5875
0 0.79375 0.709375 0.071875 0.5734375
0 0.9015625 0.35 0.165625 0.3296875
0 0.95859375 0.7484375 0.08125 0.4859375
