0 0.0390625 0.659375 0.078125 0.2765625
0 0.04609375 0.8296875 0.0875 0.0875
0 0.14921875 0.75625 0.1140625 0.178125
0 0.1234375 0.5328125 0.0609375 0.2171875
0 0.23984375 0.721875 0.059375 0.1640625
0 0.2765625 0.58125 0.03125 0.1296875
0 0.28671875 0.74296875 0.034375 0.109375
0 0.3078125 0.12109375 0.0203125 0.0875
0 0.40625 0.5015625 0.0375 0.0515625
0 0.40625 0.75234375 0.028125 0.04375
0 0.40703125 0.790625 0.028125 0.0328125
0 0.40859375 0.60859375 0.0328125 0.0859375
0 0.40703125 0.68828125 0.0265625 0.0875
0 0.4078125 0.3765625 0.0296875 0.04375
0 0.4109375 0.54765625 0.028125 0.0390625
0 0.50859375 0.71953125 0.0625 0.121875
0 0.50625 0.80625 0.0421875 0.0515625
0 0.596875 0.70859375 0.0578125 0.190625
0 0.6296875 0.69921875 0.0265625 0.215625
0 0.67421875 0.559375 0.075 0.3015625
0 0.73046875 0.765625 0.1765625 0.1265625
0 0.778125 0.44765625 0.13125 0.3203125
0 0.8296875 0.76328125 0.0796875 0.1453125
0 0.9359375 0.6625 0.1265625 0.34375
0 0.940625 0.2921875 0.1171875 0.446875
