0 0.053125 0.44921875 0.0515625 0.096875
0 0.1109375 0.43515625 0.0875 0.1015625
0 0.16796875 0.74921875 0.0484375 0.115625
0 0.18125 0.478125 0.05 0.1703125
0 0.18203125 0.35859375 0.0515625 0.11875
0 0.275 0.37265625 0.128125 0.1328125
0 0.2859375 0.740625 0.0515625 0.075
0 0.43125 0.678125 0.0484375 0.1390625
0 0.46796875 0.521875 0.05625 0.2796875
0 0.66015625 0.16171875 0.3359375 0.321875
0 0.603125 0.684375 0.0890625 0.121875
0 0.61328125 0.7671875 0.084375 0.0703125
0 0.6734375 0.3765625 0.075 0.3140625
0 0.715625 0.7015625 0.0625 0.16875
0 0.83359375 0.47734375 0.1171875 0.4
0 0.86015625 0.72734375 0.0640625 0.1375
0 0.89140625 0.55078125 0.0984375 0.3828125
0 0.91171875 0.73046875 0.0421875 0.109375
